{
    "accuracy": 0.8688524590163934,
    "precision": 0.9,
    "recall": 0.84375,
    "f1_score": 0.8709677419354839,
    "confusion_matrix": {
        "TN": 26,
        "FP": 3,
        "FN": 5,
        "TP": 27
    },
    "specificity": 0.896551724137931,
    "balanced_accuracy": 0.8701508620689655,
    "mcc": 0.7395052723482932
}