{
    "accuracy": 0.9016393442622951,
    "precision": 0.8823529411764706,
    "recall": 0.9375,
    "f1_score": 0.9090909090909091,
    "confusion_matrix": {
        "TN": 25,
        "FP": 4,
        "FN": 2,
        "TP": 30
    },
    "specificity": 0.8620689655172413,
    "balanced_accuracy": 0.8997844827586207,
    "mcc": 0.8039121205819147
}