{
    "accuracy": 0.8360655737704918,
    "precision": 0.8928571428571429,
    "recall": 0.78125,
    "f1_score": 0.8333333333333334,
    "confusion_matrix": {
        "TN": 26,
        "FP": 3,
        "FN": 7,
        "TP": 25
    },
    "specificity": 0.896551724137931,
    "balanced_accuracy": 0.8389008620689655,
    "mcc": 0.6792672430902679
}