{
    "accuracy": 0.8360655737704918,
    "precision": 0.8666666666666667,
    "recall": 0.8125,
    "f1_score": 0.8387096774193549,
    "confusion_matrix": {
        "TN": 25,
        "FP": 4,
        "FN": 6,
        "TP": 26
    },
    "specificity": 0.8620689655172413,
    "balanced_accuracy": 0.8372844827586207,
    "mcc": 0.6738432321543399
}