{
    "accuracy": 0.8852459016393442,
    "precision": 0.9032258064516129,
    "recall": 0.875,
    "f1_score": 0.8888888888888888,
    "confusion_matrix": {
        "TN": 26,
        "FP": 3,
        "FN": 4,
        "TP": 28
    },
    "specificity": 0.896551724137931,
    "balanced_accuracy": 0.8857758620689655,
    "mcc": 0.7707216521126317
}