{
 "cells": [
  {
   "cell_type": "code",
   "execution_count": 45,
   "id": "6c335e99",
   "metadata": {
    "_cell_guid": "b1076dfc-b9ad-4769-8c92-a6c4dae69d19",
    "_uuid": "8f2839f25d086af736a60e9eeb907d3b93b6e0e5",
    "execution": {
     "iopub.execute_input": "2022-02-15T19:14:12.307824Z",
     "iopub.status.busy": "2022-02-15T19:14:12.305144Z",
     "iopub.status.idle": "2022-02-15T19:14:15.315983Z",
     "shell.execute_reply": "2022-02-15T19:14:15.315051Z",
     "shell.execute_reply.started": "2021-12-13T06:24:51.202619Z"
    },
    "papermill": {
     "duration": 3.084246,
     "end_time": "2022-02-15T19:14:15.316174",
     "exception": false,
     "start_time": "2022-02-15T19:14:12.231928",
     "status": "completed"
    },
    "tags": []
   },
   "outputs": [],
   "source": [
    "import os\n",
    "import numpy as np \n",
    "import pandas as pd \n",
    "import warnings\n",
    "import seaborn as sns\n",
    "import matplotlib.pyplot as plt\n",
    "import plotly.express as px\n",
    "import plotly.subplots as sp\n",
    "warnings.filterwarnings(\"ignore\")\n",
    "pd.set_option(\"display.max_rows\",None)\n",
    "from sklearn import preprocessing\n",
    "import matplotlib \n",
    "matplotlib.style.use('ggplot')\n",
    "from sklearn.preprocessing import LabelEncoder"
   ]
  },
  {
   "cell_type": "markdown",
   "id": "5ef0ab24",
   "metadata": {},
   "source": [
    "# Datasets loading"
   ]
  },
  {
   "cell_type": "code",
   "execution_count": 2,
   "id": "ea826bad",
   "metadata": {
    "execution": {
     "iopub.execute_input": "2022-02-15T19:14:15.576850Z",
     "iopub.status.busy": "2022-02-15T19:14:15.575365Z",
     "iopub.status.idle": "2022-02-15T19:14:15.628018Z",
     "shell.execute_reply": "2022-02-15T19:14:15.628853Z",
     "shell.execute_reply.started": "2021-12-13T06:24:53.620313Z"
    },
    "papermill": {
     "duration": 0.139,
     "end_time": "2022-02-15T19:14:15.629109",
     "exception": false,
     "start_time": "2022-02-15T19:14:15.490109",
     "status": "completed"
    },
    "tags": []
   },
   "outputs": [
    {
     "data": {
      "text/html": [
       "<div>\n",
       "<style scoped>\n",
       "    .dataframe tbody tr th:only-of-type {\n",
       "        vertical-align: middle;\n",
       "    }\n",
       "\n",
       "    .dataframe tbody tr th {\n",
       "        vertical-align: top;\n",
       "    }\n",
       "\n",
       "    .dataframe thead th {\n",
       "        text-align: right;\n",
       "    }\n",
       "</style>\n",
       "<table border=\"1\" class=\"dataframe\">\n",
       "  <thead>\n",
       "    <tr style=\"text-align: right;\">\n",
       "      <th></th>\n",
       "      <th>age</th>\n",
       "      <th>sex</th>\n",
       "      <th>chest_pain_type</th>\n",
       "      <th>resting_blood_pressure</th>\n",
       "      <th>cholesterol</th>\n",
       "      <th>fasting_blood_sugar</th>\n",
       "      <th>resting_ecg</th>\n",
       "      <th>max_heart_rate</th>\n",
       "      <th>exercise_induced_angina</th>\n",
       "      <th>oldpeak</th>\n",
       "      <th>slope</th>\n",
       "      <th>num_major_vessels</th>\n",
       "      <th>thalassemia</th>\n",
       "      <th>target</th>\n",
       "    </tr>\n",
       "  </thead>\n",
       "  <tbody>\n",
       "    <tr>\n",
       "      <th>0</th>\n",
       "      <td>63</td>\n",
       "      <td>1</td>\n",
       "      <td>3</td>\n",
       "      <td>145</td>\n",
       "      <td>233</td>\n",
       "      <td>1</td>\n",
       "      <td>0</td>\n",
       "      <td>150</td>\n",
       "      <td>0</td>\n",
       "      <td>2.3</td>\n",
       "      <td>0</td>\n",
       "      <td>0</td>\n",
       "      <td>1</td>\n",
       "      <td>1</td>\n",
       "    </tr>\n",
       "    <tr>\n",
       "      <th>1</th>\n",
       "      <td>37</td>\n",
       "      <td>1</td>\n",
       "      <td>2</td>\n",
       "      <td>130</td>\n",
       "      <td>250</td>\n",
       "      <td>0</td>\n",
       "      <td>1</td>\n",
       "      <td>187</td>\n",
       "      <td>0</td>\n",
       "      <td>3.5</td>\n",
       "      <td>0</td>\n",
       "      <td>0</td>\n",
       "      <td>2</td>\n",
       "      <td>1</td>\n",
       "    </tr>\n",
       "    <tr>\n",
       "      <th>2</th>\n",
       "      <td>41</td>\n",
       "      <td>0</td>\n",
       "      <td>1</td>\n",
       "      <td>130</td>\n",
       "      <td>204</td>\n",
       "      <td>0</td>\n",
       "      <td>0</td>\n",
       "      <td>172</td>\n",
       "      <td>0</td>\n",
       "      <td>1.4</td>\n",
       "      <td>2</td>\n",
       "      <td>0</td>\n",
       "      <td>2</td>\n",
       "      <td>1</td>\n",
       "    </tr>\n",
       "    <tr>\n",
       "      <th>3</th>\n",
       "      <td>56</td>\n",
       "      <td>1</td>\n",
       "      <td>1</td>\n",
       "      <td>120</td>\n",
       "      <td>236</td>\n",
       "      <td>0</td>\n",
       "      <td>1</td>\n",
       "      <td>178</td>\n",
       "      <td>0</td>\n",
       "      <td>0.8</td>\n",
       "      <td>2</td>\n",
       "      <td>0</td>\n",
       "      <td>2</td>\n",
       "      <td>1</td>\n",
       "    </tr>\n",
       "    <tr>\n",
       "      <th>4</th>\n",
       "      <td>57</td>\n",
       "      <td>0</td>\n",
       "      <td>0</td>\n",
       "      <td>120</td>\n",
       "      <td>354</td>\n",
       "      <td>0</td>\n",
       "      <td>1</td>\n",
       "      <td>163</td>\n",
       "      <td>1</td>\n",
       "      <td>0.6</td>\n",
       "      <td>2</td>\n",
       "      <td>0</td>\n",
       "      <td>2</td>\n",
       "      <td>1</td>\n",
       "    </tr>\n",
       "  </tbody>\n",
       "</table>\n",
       "</div>"
      ],
      "text/plain": [
       "   age  sex  chest_pain_type  resting_blood_pressure  cholesterol  \\\n",
       "0   63    1                3                     145          233   \n",
       "1   37    1                2                     130          250   \n",
       "2   41    0                1                     130          204   \n",
       "3   56    1                1                     120          236   \n",
       "4   57    0                0                     120          354   \n",
       "\n",
       "   fasting_blood_sugar  resting_ecg  max_heart_rate  exercise_induced_angina  \\\n",
       "0                    1            0             150                        0   \n",
       "1                    0            1             187                        0   \n",
       "2                    0            0             172                        0   \n",
       "3                    0            1             178                        0   \n",
       "4                    0            1             163                        1   \n",
       "\n",
       "   oldpeak  slope  num_major_vessels  thalassemia  target  \n",
       "0      2.3      0                  0            1       1  \n",
       "1      3.5      0                  0            2       1  \n",
       "2      1.4      2                  0            2       1  \n",
       "3      0.8      2                  0            2       1  \n",
       "4      0.6      2                  0            2       1  "
      ]
     },
     "execution_count": 2,
     "metadata": {},
     "output_type": "execute_result"
    }
   ],
   "source": [
    "df=pd.read_csv(\"../data/raw/heart.csv\")\n",
    "df.rename(columns={\n",
    "    'age': 'age',\n",
    "    'sex': 'sex',\n",
    "    'cp': 'chest_pain_type',\n",
    "    'trtbps': 'resting_blood_pressure',\n",
    "    'chol': 'cholesterol',\n",
    "    'fbs': 'fasting_blood_sugar',\n",
    "    'restecg': 'resting_ecg',\n",
    "    'thalachh': 'max_heart_rate',\n",
    "    'exng': 'exercise_induced_angina',\n",
    "    'oldpeak': 'oldpeak',\n",
    "    'slp': 'slope',\n",
    "    'caa': 'num_major_vessels',\n",
    "    'thall': 'thalassemia',\n",
    "    'output': 'target'\n",
    "}, inplace=True)\n",
    "\n",
    "df.head()\n"
   ]
  },
  {
   "cell_type": "markdown",
   "id": "d3446cb4",
   "metadata": {},
   "source": [
    "## Feature Explenation\n",
    "\n",
    "### 1. `age`\n",
    "- **Description:** Age of the patient in years.\n",
    "- **Type:** Numerical\n",
    "\n",
    "### 2. `sex`\n",
    "- **Description:** Sex of the patient.\n",
    "- **Type:** Categorical (Binary)\n",
    "  - **0:** Female\n",
    "  - **1:** Male\n",
    "\n",
    "### 3. `chest_pain_type`\n",
    "- **Description:** Type of chest pain experienced by the patient.\n",
    "- **Type:** Categorical\n",
    "  - **1:** Typical angina\n",
    "  - **2:** Atypical angina\n",
    "  - **3:** Non-anginal pain\n",
    "  - **4:** Asymptomatic\n",
    "\n",
    "### 4. `resting_blood_pressure`\n",
    "- **Description:** Resting blood pressure in mm Hg.\n",
    "- **Type:** Numerical\n",
    "\n",
    "### 5. `cholesterol`\n",
    "- **Description:** Serum cholesterol in mg/dl.\n",
    "- **Type:** Numerical\n",
    "\n",
    "### 6. `fasting_blood_sugar`\n",
    "- **Description:** Fasting blood sugar > 120 mg/dl.\n",
    "- **Type:** Categorical (Binary)\n",
    "  - **0:** False\n",
    "  - **1:** True\n",
    "\n",
    "### 7. `resting_ecg`\n",
    "- **Description:** Resting electrocardiographic results.\n",
    "- **Type:** Categorical\n",
    "  - **0:** Normal\n",
    "  - **1:** Having ST-T wave abnormality (T wave inversions and/or ST elevation or depression of > 0.05 mV)\n",
    "  - **2:** Showing probable or definite left ventricular hypertrophy by Estes' criteria\n",
    "\n",
    "### 8. `max_heart_rate`\n",
    "- **Description:** Maximum heart rate achieved.\n",
    "- **Type:** Numerical\n",
    "\n",
    "### 9. `exercise_induced_angina`\n",
    "- **Description:** Exercise-induced angina.\n",
    "- **Type:** Categorical (Binary)\n",
    "  - **0:** No\n",
    "  - **1:** Yes\n",
    "\n",
    "### 10. `oldpeak`\n",
    "- **Description:** ST depression induced by exercise relative to rest.\n",
    "- **Type:** Numerical\n",
    "\n",
    "### 11. `slope`\n",
    "- **Description:** The slope of the peak exercise ST segment.\n",
    "- **Type:** Categorical\n",
    "  - **0:** Upsloping\n",
    "  - **1:** Flat\n",
    "  - **2:** Downsloping\n",
    "\n",
    "### 12. `num_major_vessels`\n",
    "- **Description:** Number of major vessels (0-4) colored by fluoroscopy.\n",
    "- **Type:** Categorical\n",
    "\n",
    "### 13. `thalassemia`\n",
    "- **Description:** Thalassemia (a blood disorder).\n",
    "- **Type:** Categorical\n",
    "  - **1:** Normal\n",
    "  - **2:** Fixed defect\n",
    "  - **3:** Reversible defect\n",
    "\n",
    "### 14. `target`\n",
    "- **Description:** Target variable indicating the presence of heart disease.\n",
    "- **Type:** Categorical (Binary)\n",
    "  - **0:** Less chance of heart attack\n",
    "  - **1:** More chance of heart attack\n"
   ]
  },
  {
   "cell_type": "code",
   "execution_count": 3,
   "id": "dc498e62",
   "metadata": {
    "execution": {
     "iopub.execute_input": "2022-02-15T19:14:15.892861Z",
     "iopub.status.busy": "2022-02-15T19:14:15.891857Z",
     "iopub.status.idle": "2022-02-15T19:14:15.895749Z",
     "shell.execute_reply": "2022-02-15T19:14:15.896328Z",
     "shell.execute_reply.started": "2021-12-13T06:24:53.664733Z"
    },
    "papermill": {
     "duration": 0.076154,
     "end_time": "2022-02-15T19:14:15.896517",
     "exception": false,
     "start_time": "2022-02-15T19:14:15.820363",
     "status": "completed"
    },
    "tags": []
   },
   "outputs": [
    {
     "data": {
      "text/plain": [
       "age                          int64\n",
       "sex                          int64\n",
       "chest_pain_type              int64\n",
       "resting_blood_pressure       int64\n",
       "cholesterol                  int64\n",
       "fasting_blood_sugar          int64\n",
       "resting_ecg                  int64\n",
       "max_heart_rate               int64\n",
       "exercise_induced_angina      int64\n",
       "oldpeak                    float64\n",
       "slope                        int64\n",
       "num_major_vessels            int64\n",
       "thalassemia                  int64\n",
       "target                       int64\n",
       "dtype: object"
      ]
     },
     "execution_count": 3,
     "metadata": {},
     "output_type": "execute_result"
    }
   ],
   "source": [
    "df.dtypes"
   ]
  },
  {
   "cell_type": "code",
   "execution_count": 90,
   "id": "db9d9959",
   "metadata": {},
   "outputs": [
    {
     "data": {
      "text/plain": [
       "age                           int64\n",
       "sex                        category\n",
       "chest_pain_type            category\n",
       "resting_blood_pressure        int64\n",
       "cholesterol                   int64\n",
       "fasting_blood_sugar        category\n",
       "resting_ecg                category\n",
       "max_heart_rate                int64\n",
       "exercise_induced_angina    category\n",
       "oldpeak                     float64\n",
       "slope                      category\n",
       "num_major_vessels          category\n",
       "thalassemia                category\n",
       "target                     category\n",
       "dtype: object"
      ]
     },
     "execution_count": 90,
     "metadata": {},
     "output_type": "execute_result"
    }
   ],
   "source": [
    "# Convert columns to appropriate data types\n",
    "df = df.astype({\n",
    "    'age': 'int64',                    \n",
    "    'sex': 'category',                 \n",
    "    'chest_pain_type': 'category',     \n",
    "    'resting_blood_pressure': 'int64', \n",
    "    'cholesterol': 'int64',            \n",
    "    'fasting_blood_sugar': 'category', \n",
    "    'resting_ecg': 'category',         \n",
    "    'max_heart_rate': 'int64',         \n",
    "    'exercise_induced_angina': 'category', \n",
    "    'oldpeak': 'float64',              \n",
    "    'slope': 'category',               \n",
    "    'num_major_vessels': 'category',      \n",
    "    'thalassemia': 'category',         \n",
    "    'target': 'category'               \n",
    "})\n",
    "\n",
    "df.dtypes"
   ]
  },
  {
   "cell_type": "code",
   "execution_count": 91,
   "id": "9e439a6c",
   "metadata": {},
   "outputs": [
    {
     "data": {
      "text/html": [
       "<div>\n",
       "<style scoped>\n",
       "    .dataframe tbody tr th:only-of-type {\n",
       "        vertical-align: middle;\n",
       "    }\n",
       "\n",
       "    .dataframe tbody tr th {\n",
       "        vertical-align: top;\n",
       "    }\n",
       "\n",
       "    .dataframe thead th {\n",
       "        text-align: right;\n",
       "    }\n",
       "</style>\n",
       "<table border=\"1\" class=\"dataframe\">\n",
       "  <thead>\n",
       "    <tr style=\"text-align: right;\">\n",
       "      <th></th>\n",
       "      <th>count</th>\n",
       "      <th>mean</th>\n",
       "      <th>std</th>\n",
       "      <th>min</th>\n",
       "      <th>25%</th>\n",
       "      <th>50%</th>\n",
       "      <th>75%</th>\n",
       "      <th>max</th>\n",
       "    </tr>\n",
       "  </thead>\n",
       "  <tbody>\n",
       "    <tr>\n",
       "      <th>age</th>\n",
       "      <td>303.0</td>\n",
       "      <td>54.366337</td>\n",
       "      <td>9.082101</td>\n",
       "      <td>29.0</td>\n",
       "      <td>47.5</td>\n",
       "      <td>55.0</td>\n",
       "      <td>61.0</td>\n",
       "      <td>77.0</td>\n",
       "    </tr>\n",
       "    <tr>\n",
       "      <th>resting_blood_pressure</th>\n",
       "      <td>303.0</td>\n",
       "      <td>131.623762</td>\n",
       "      <td>17.538143</td>\n",
       "      <td>94.0</td>\n",
       "      <td>120.0</td>\n",
       "      <td>130.0</td>\n",
       "      <td>140.0</td>\n",
       "      <td>200.0</td>\n",
       "    </tr>\n",
       "    <tr>\n",
       "      <th>cholesterol</th>\n",
       "      <td>303.0</td>\n",
       "      <td>246.264026</td>\n",
       "      <td>51.830751</td>\n",
       "      <td>126.0</td>\n",
       "      <td>211.0</td>\n",
       "      <td>240.0</td>\n",
       "      <td>274.5</td>\n",
       "      <td>564.0</td>\n",
       "    </tr>\n",
       "    <tr>\n",
       "      <th>max_heart_rate</th>\n",
       "      <td>303.0</td>\n",
       "      <td>149.646865</td>\n",
       "      <td>22.905161</td>\n",
       "      <td>71.0</td>\n",
       "      <td>133.5</td>\n",
       "      <td>153.0</td>\n",
       "      <td>166.0</td>\n",
       "      <td>202.0</td>\n",
       "    </tr>\n",
       "    <tr>\n",
       "      <th>oldpeak</th>\n",
       "      <td>303.0</td>\n",
       "      <td>1.039604</td>\n",
       "      <td>1.161075</td>\n",
       "      <td>0.0</td>\n",
       "      <td>0.0</td>\n",
       "      <td>0.8</td>\n",
       "      <td>1.6</td>\n",
       "      <td>6.2</td>\n",
       "    </tr>\n",
       "  </tbody>\n",
       "</table>\n",
       "</div>"
      ],
      "text/plain": [
       "                        count        mean        std    min    25%    50%  \\\n",
       "age                     303.0   54.366337   9.082101   29.0   47.5   55.0   \n",
       "resting_blood_pressure  303.0  131.623762  17.538143   94.0  120.0  130.0   \n",
       "cholesterol             303.0  246.264026  51.830751  126.0  211.0  240.0   \n",
       "max_heart_rate          303.0  149.646865  22.905161   71.0  133.5  153.0   \n",
       "oldpeak                 303.0    1.039604   1.161075    0.0    0.0    0.8   \n",
       "\n",
       "                          75%    max  \n",
       "age                      61.0   77.0  \n",
       "resting_blood_pressure  140.0  200.0  \n",
       "cholesterol             274.5  564.0  \n",
       "max_heart_rate          166.0  202.0  \n",
       "oldpeak                   1.6    6.2  "
      ]
     },
     "execution_count": 91,
     "metadata": {},
     "output_type": "execute_result"
    }
   ],
   "source": [
    "df.describe().T"
   ]
  },
  {
   "cell_type": "markdown",
   "id": "978c234a",
   "metadata": {},
   "source": [
    "- **Distribution**: Most variables exhibit a relatively normal distribution, with some showing signs of skewness (e.g., cholesterol and oldpeak).\n",
    "\n",
    "- **Variability**: There is significant variability in patient metrics like cholesterol levels and maximum heart rate achieved, indicating a diverse patient group.\n",
    "\n",
    "- **Potential Outliers**: The range for some variables, such as cholesterol (up to 564 mg/dl) and oldpeak (up to 6.2), suggests the presence of outliers, which might need further investigation.\n",
    "\n",
    "- **Clinical Implications**: The higher-than-normal averages for blood pressure and cholesterol suggest that a significant portion of the patients might be at risk for heart disease, which aligns with the dataset's context."
   ]
  },
  {
   "cell_type": "code",
   "execution_count": 92,
   "id": "f13c96f3",
   "metadata": {},
   "outputs": [
    {
     "data": {
      "text/plain": [
       "age                        0\n",
       "sex                        0\n",
       "chest_pain_type            0\n",
       "resting_blood_pressure     0\n",
       "cholesterol                0\n",
       "fasting_blood_sugar        0\n",
       "resting_ecg                0\n",
       "max_heart_rate             0\n",
       "exercise_induced_angina    0\n",
       "oldpeak                    0\n",
       "slope                      0\n",
       "num_major_vessels          0\n",
       "thalassemia                0\n",
       "target                     0\n",
       "dtype: int64"
      ]
     },
     "execution_count": 92,
     "metadata": {},
     "output_type": "execute_result"
    }
   ],
   "source": [
    "df.isnull().sum()"
   ]
  },
  {
   "cell_type": "markdown",
   "id": "c9118c15",
   "metadata": {},
   "source": [
    "No null values"
   ]
  },
  {
   "cell_type": "markdown",
   "id": "b7dbee88",
   "metadata": {},
   "source": [
    "# EDA"
   ]
  },
  {
   "cell_type": "markdown",
   "id": "465d7fc2",
   "metadata": {
    "papermill": {
     "duration": 0.059012,
     "end_time": "2022-02-15T19:14:17.376948",
     "exception": false,
     "start_time": "2022-02-15T19:14:17.317936",
     "status": "completed"
    },
    "tags": []
   },
   "source": [
    "## Correlation Matrix\n"
   ]
  },
  {
   "cell_type": "code",
   "execution_count": 93,
   "id": "8d838003",
   "metadata": {
    "execution": {
     "iopub.execute_input": "2022-02-15T19:14:17.499408Z",
     "iopub.status.busy": "2022-02-15T19:14:17.498633Z",
     "iopub.status.idle": "2022-02-15T19:14:19.165319Z",
     "shell.execute_reply": "2022-02-15T19:14:19.164554Z",
     "shell.execute_reply.started": "2021-12-13T06:24:53.783224Z"
    },
    "papermill": {
     "duration": 1.732936,
     "end_time": "2022-02-15T19:14:19.165501",
     "exception": false,
     "start_time": "2022-02-15T19:14:17.432565",
     "status": "completed"
    },
    "tags": []
   },
   "outputs": [
    {
     "data": {
      "application/vnd.plotly.v1+json": {
       "config": {
        "plotlyServerURL": "https://plot.ly"
       },
       "data": [
        {
         "coloraxis": "coloraxis",
         "hovertemplate": "x: %{x}<br>y: %{y}<br>color: %{z}<extra></extra>",
         "name": "0",
         "type": "heatmap",
         "x": [
          "age",
          "sex",
          "chest_pain_type",
          "resting_blood_pressure",
          "cholesterol",
          "fasting_blood_sugar",
          "resting_ecg",
          "max_heart_rate",
          "exercise_induced_angina",
          "oldpeak",
          "slope",
          "num_major_vessels",
          "thalassemia",
          "target"
         ],
         "xaxis": "x",
         "y": [
          "age",
          "sex",
          "chest_pain_type",
          "resting_blood_pressure",
          "cholesterol",
          "fasting_blood_sugar",
          "resting_ecg",
          "max_heart_rate",
          "exercise_induced_angina",
          "oldpeak",
          "slope",
          "num_major_vessels",
          "thalassemia",
          "target"
         ],
         "yaxis": "y",
         "z": [
          [
           1,
           -0.09844660247479371,
           -0.06865301584014541,
           0.27935090656128797,
           0.21367795655956193,
           0.12130764809337469,
           -0.11621089815852949,
           -0.39852193812106806,
           0.09680082645526808,
           0.21001256735867393,
           -0.168814238012096,
           0.2763262440191394,
           0.06800137705465202,
           -0.22543871587483835
          ],
          [
           -0.09844660247479371,
           1,
           -0.04935287534698952,
           -0.056768823969643833,
           -0.19791217414110693,
           0.045031789193560365,
           -0.05819626770375467,
           -0.0440199077695747,
           0.14166381099150552,
           0.09609287706773902,
           -0.030710567303172575,
           0.11826141332036008,
           0.21004109563720727,
           -0.2809365755017669
          ],
          [
           -0.06865301584014541,
           -0.04935287534698952,
           1,
           0.04760776064464908,
           -0.07690439103320769,
           0.09444403499533138,
           0.04442059251016382,
           0.2957621245879108,
           -0.39428026849502196,
           -0.14923015809708107,
           0.11971658853470653,
           -0.18105302605349544,
           -0.16173557051002244,
           0.4337982615068947
          ],
          [
           0.27935090656128797,
           -0.056768823969643833,
           0.04760776064464908,
           1,
           0.12317420653239045,
           0.17753054193445988,
           -0.11410278639187013,
           -0.046697728147953775,
           0.06761611953876331,
           0.19321647240953585,
           -0.12147458192644967,
           0.10138898530055086,
           0.06220988763086109,
           -0.14493112849775006
          ],
          [
           0.21367795655956193,
           -0.19791217414110693,
           -0.07690439103320769,
           0.12317420653239045,
           1,
           0.013293602251671553,
           -0.1510400783375122,
           -0.009939838642698075,
           0.06702278257394262,
           0.05395191998699378,
           -0.004037770369683811,
           0.070510925226076,
           0.09880299250014518,
           -0.08523910513756902
          ],
          [
           0.12130764809337469,
           0.045031789193560365,
           0.09444403499533138,
           0.17753054193445988,
           0.013293602251671553,
           1,
           -0.08418905443102677,
           -0.008567107343486967,
           0.02566514720212621,
           0.005747223459644371,
           -0.059894178290418036,
           0.13797932702785135,
           -0.03201933931349751,
           -0.028045760272713008
          ],
          [
           -0.11621089815852949,
           -0.05819626770375467,
           0.04442059251016382,
           -0.11410278639187013,
           -0.1510400783375122,
           -0.08418905443102677,
           1,
           0.04412344408543692,
           -0.07073285587236654,
           -0.05877022631983709,
           0.09304482097448223,
           -0.07204243324692995,
           -0.011981404599806423,
           0.1372295028737731
          ],
          [
           -0.39852193812106806,
           -0.0440199077695747,
           0.2957621245879108,
           -0.046697728147953775,
           -0.009939838642698075,
           -0.008567107343486967,
           0.04412344408543692,
           1,
           -0.3788120938514863,
           -0.344186947966716,
           0.3867844098148192,
           -0.2131769281153894,
           -0.09643913165982088,
           0.4217409338106743
          ],
          [
           0.09680082645526808,
           0.14166381099150552,
           -0.39428026849502196,
           0.06761611953876331,
           0.06702278257394262,
           0.02566514720212621,
           -0.07073285587236654,
           -0.3788120938514863,
           1,
           0.28822280778276554,
           -0.2577483685301664,
           0.11573937807050601,
           0.20675378773953756,
           -0.4367570833533032
          ],
          [
           0.21001256735867393,
           0.09609287706773902,
           -0.14923015809708107,
           0.19321647240953585,
           0.05395191998699378,
           0.005747223459644371,
           -0.05877022631983709,
           -0.344186947966716,
           0.28822280778276554,
           1,
           -0.5775368167291408,
           0.22268232182782355,
           0.2102441259826487,
           -0.4306960016873686
          ],
          [
           -0.168814238012096,
           -0.030710567303172575,
           0.11971658853470653,
           -0.12147458192644967,
           -0.004037770369683811,
           -0.059894178290418036,
           0.09304482097448223,
           0.3867844098148192,
           -0.2577483685301664,
           -0.5775368167291408,
           1,
           -0.08015521021463962,
           -0.1047637946214955,
           0.3458770782417246
          ],
          [
           0.2763262440191394,
           0.11826141332036008,
           -0.18105302605349544,
           0.10138898530055086,
           0.070510925226076,
           0.13797932702785135,
           -0.07204243324692995,
           -0.2131769281153894,
           0.11573937807050601,
           0.22268232182782355,
           -0.08015521021463962,
           1,
           0.15183212548208916,
           -0.3917239923512525
          ],
          [
           0.06800137705465202,
           0.21004109563720727,
           -0.16173557051002244,
           0.06220988763086109,
           0.09880299250014518,
           -0.03201933931349751,
           -0.011981404599806423,
           -0.09643913165982088,
           0.20675378773953756,
           0.2102441259826487,
           -0.1047637946214955,
           0.15183212548208916,
           1,
           -0.34402926803831
          ],
          [
           -0.22543871587483835,
           -0.2809365755017669,
           0.4337982615068947,
           -0.14493112849775006,
           -0.08523910513756902,
           -0.028045760272713008,
           0.1372295028737731,
           0.4217409338106743,
           -0.4367570833533032,
           -0.4306960016873686,
           0.3458770782417246,
           -0.3917239923512525,
           -0.34402926803831,
           1
          ]
         ]
        }
       ],
       "layout": {
        "autosize": true,
        "coloraxis": {
         "colorscale": [
          [
           0,
           "rgb(5,48,97)"
          ],
          [
           0.1,
           "rgb(33,102,172)"
          ],
          [
           0.2,
           "rgb(67,147,195)"
          ],
          [
           0.3,
           "rgb(146,197,222)"
          ],
          [
           0.4,
           "rgb(209,229,240)"
          ],
          [
           0.5,
           "rgb(247,247,247)"
          ],
          [
           0.6,
           "rgb(253,219,199)"
          ],
          [
           0.7,
           "rgb(244,165,130)"
          ],
          [
           0.8,
           "rgb(214,96,77)"
          ],
          [
           0.9,
           "rgb(178,24,43)"
          ],
          [
           1,
           "rgb(103,0,31)"
          ]
         ]
        },
        "height": 800,
        "margin": {
         "b": 0,
         "l": 0,
         "r": 0,
         "t": 50
        },
        "template": {
         "data": {
          "bar": [
           {
            "error_x": {
             "color": "#2a3f5f"
            },
            "error_y": {
             "color": "#2a3f5f"
            },
            "marker": {
             "line": {
              "color": "#E5ECF6",
              "width": 0.5
             },
             "pattern": {
              "fillmode": "overlay",
              "size": 10,
              "solidity": 0.2
             }
            },
            "type": "bar"
           }
          ],
          "barpolar": [
           {
            "marker": {
             "line": {
              "color": "#E5ECF6",
              "width": 0.5
             },
             "pattern": {
              "fillmode": "overlay",
              "size": 10,
              "solidity": 0.2
             }
            },
            "type": "barpolar"
           }
          ],
          "carpet": [
           {
            "aaxis": {
             "endlinecolor": "#2a3f5f",
             "gridcolor": "white",
             "linecolor": "white",
             "minorgridcolor": "white",
             "startlinecolor": "#2a3f5f"
            },
            "baxis": {
             "endlinecolor": "#2a3f5f",
             "gridcolor": "white",
             "linecolor": "white",
             "minorgridcolor": "white",
             "startlinecolor": "#2a3f5f"
            },
            "type": "carpet"
           }
          ],
          "choropleth": [
           {
            "colorbar": {
             "outlinewidth": 0,
             "ticks": ""
            },
            "type": "choropleth"
           }
          ],
          "contour": [
           {
            "colorbar": {
             "outlinewidth": 0,
             "ticks": ""
            },
            "colorscale": [
             [
              0,
              "#0d0887"
             ],
             [
              0.1111111111111111,
              "#46039f"
             ],
             [
              0.2222222222222222,
              "#7201a8"
             ],
             [
              0.3333333333333333,
              "#9c179e"
             ],
             [
              0.4444444444444444,
              "#bd3786"
             ],
             [
              0.5555555555555556,
              "#d8576b"
             ],
             [
              0.6666666666666666,
              "#ed7953"
             ],
             [
              0.7777777777777778,
              "#fb9f3a"
             ],
             [
              0.8888888888888888,
              "#fdca26"
             ],
             [
              1,
              "#f0f921"
             ]
            ],
            "type": "contour"
           }
          ],
          "contourcarpet": [
           {
            "colorbar": {
             "outlinewidth": 0,
             "ticks": ""
            },
            "type": "contourcarpet"
           }
          ],
          "heatmap": [
           {
            "colorbar": {
             "outlinewidth": 0,
             "ticks": ""
            },
            "colorscale": [
             [
              0,
              "#0d0887"
             ],
             [
              0.1111111111111111,
              "#46039f"
             ],
             [
              0.2222222222222222,
              "#7201a8"
             ],
             [
              0.3333333333333333,
              "#9c179e"
             ],
             [
              0.4444444444444444,
              "#bd3786"
             ],
             [
              0.5555555555555556,
              "#d8576b"
             ],
             [
              0.6666666666666666,
              "#ed7953"
             ],
             [
              0.7777777777777778,
              "#fb9f3a"
             ],
             [
              0.8888888888888888,
              "#fdca26"
             ],
             [
              1,
              "#f0f921"
             ]
            ],
            "type": "heatmap"
           }
          ],
          "heatmapgl": [
           {
            "colorbar": {
             "outlinewidth": 0,
             "ticks": ""
            },
            "colorscale": [
             [
              0,
              "#0d0887"
             ],
             [
              0.1111111111111111,
              "#46039f"
             ],
             [
              0.2222222222222222,
              "#7201a8"
             ],
             [
              0.3333333333333333,
              "#9c179e"
             ],
             [
              0.4444444444444444,
              "#bd3786"
             ],
             [
              0.5555555555555556,
              "#d8576b"
             ],
             [
              0.6666666666666666,
              "#ed7953"
             ],
             [
              0.7777777777777778,
              "#fb9f3a"
             ],
             [
              0.8888888888888888,
              "#fdca26"
             ],
             [
              1,
              "#f0f921"
             ]
            ],
            "type": "heatmapgl"
           }
          ],
          "histogram": [
           {
            "marker": {
             "pattern": {
              "fillmode": "overlay",
              "size": 10,
              "solidity": 0.2
             }
            },
            "type": "histogram"
           }
          ],
          "histogram2d": [
           {
            "colorbar": {
             "outlinewidth": 0,
             "ticks": ""
            },
            "colorscale": [
             [
              0,
              "#0d0887"
             ],
             [
              0.1111111111111111,
              "#46039f"
             ],
             [
              0.2222222222222222,
              "#7201a8"
             ],
             [
              0.3333333333333333,
              "#9c179e"
             ],
             [
              0.4444444444444444,
              "#bd3786"
             ],
             [
              0.5555555555555556,
              "#d8576b"
             ],
             [
              0.6666666666666666,
              "#ed7953"
             ],
             [
              0.7777777777777778,
              "#fb9f3a"
             ],
             [
              0.8888888888888888,
              "#fdca26"
             ],
             [
              1,
              "#f0f921"
             ]
            ],
            "type": "histogram2d"
           }
          ],
          "histogram2dcontour": [
           {
            "colorbar": {
             "outlinewidth": 0,
             "ticks": ""
            },
            "colorscale": [
             [
              0,
              "#0d0887"
             ],
             [
              0.1111111111111111,
              "#46039f"
             ],
             [
              0.2222222222222222,
              "#7201a8"
             ],
             [
              0.3333333333333333,
              "#9c179e"
             ],
             [
              0.4444444444444444,
              "#bd3786"
             ],
             [
              0.5555555555555556,
              "#d8576b"
             ],
             [
              0.6666666666666666,
              "#ed7953"
             ],
             [
              0.7777777777777778,
              "#fb9f3a"
             ],
             [
              0.8888888888888888,
              "#fdca26"
             ],
             [
              1,
              "#f0f921"
             ]
            ],
            "type": "histogram2dcontour"
           }
          ],
          "mesh3d": [
           {
            "colorbar": {
             "outlinewidth": 0,
             "ticks": ""
            },
            "type": "mesh3d"
           }
          ],
          "parcoords": [
           {
            "line": {
             "colorbar": {
              "outlinewidth": 0,
              "ticks": ""
             }
            },
            "type": "parcoords"
           }
          ],
          "pie": [
           {
            "automargin": true,
            "type": "pie"
           }
          ],
          "scatter": [
           {
            "fillpattern": {
             "fillmode": "overlay",
             "size": 10,
             "solidity": 0.2
            },
            "type": "scatter"
           }
          ],
          "scatter3d": [
           {
            "line": {
             "colorbar": {
              "outlinewidth": 0,
              "ticks": ""
             }
            },
            "marker": {
             "colorbar": {
              "outlinewidth": 0,
              "ticks": ""
             }
            },
            "type": "scatter3d"
           }
          ],
          "scattercarpet": [
           {
            "marker": {
             "colorbar": {
              "outlinewidth": 0,
              "ticks": ""
             }
            },
            "type": "scattercarpet"
           }
          ],
          "scattergeo": [
           {
            "marker": {
             "colorbar": {
              "outlinewidth": 0,
              "ticks": ""
             }
            },
            "type": "scattergeo"
           }
          ],
          "scattergl": [
           {
            "marker": {
             "colorbar": {
              "outlinewidth": 0,
              "ticks": ""
             }
            },
            "type": "scattergl"
           }
          ],
          "scattermapbox": [
           {
            "marker": {
             "colorbar": {
              "outlinewidth": 0,
              "ticks": ""
             }
            },
            "type": "scattermapbox"
           }
          ],
          "scatterpolar": [
           {
            "marker": {
             "colorbar": {
              "outlinewidth": 0,
              "ticks": ""
             }
            },
            "type": "scatterpolar"
           }
          ],
          "scatterpolargl": [
           {
            "marker": {
             "colorbar": {
              "outlinewidth": 0,
