{
    "accuracy": 0.8958333333333334,
    "precision": 0.92,
    "recall": 0.8846153846153846,
    "f1_score": 0.9019607843137255,
    "confusion_matrix": {
        "TN": 20,
        "FP": 2,
        "FN": 3,
        "TP": 23
    },
    "specificity": 0.9090909090909091,
    "balanced_accuracy": 0.8968531468531469,
    "mcc": 0.7916330477784871
}