{
    "accuracy": 0.8524590163934426,
    "precision": 0.9032258064516129,
    "recall": 0.8235294117647058,
    "f1_score": 0.8615384615384616,
    "confusion_matrix": {
        "TN": 24,
        "FP": 3,
        "FN": 6,
        "TP": 28
    },
    "specificity": 0.8888888888888888,
    "balanced_accuracy": 0.8562091503267973,
    "mcc": 0.7078071305150944
}