{
    "accuracy": 0.8688524590163934,
    "precision": 0.90625,
    "recall": 0.8529411764705882,
    "f1_score": 0.8787878787878788,
    "confusion_matrix": {
        "TN": 24,
        "FP": 3,
        "FN": 5,
        "TP": 29
    },
    "specificity": 0.8888888888888888,
    "balanced_accuracy": 0.8709150326797386,
    "mcc": 0.7378223101297627
}